7 2 5
y 0.003839599110188251 0 0 0 0 
y 0 0.00402597593781286 0 0 0 
y 0 0 2.943615645776401 0 0 
y 0 0 0 0.1696694032316355 0 
y 0 0 0 0 0.0009322745632897357 
y 0.0002863925523162896 0 0 0 0 
y 0 0.0003133259228833889 0 0 0 
y 0 0 0.008767498705643579 0 0 
y 0 0 0 0.0864810375660561 0 
y 0 0 0 0 0.000147172867674193 
y 0.004800630747981823 0 0 0 0 
y 0 0.009864512433755157 0 0 0 
y 0 0 0.381704623598676 0 0 
y 0 0 0 0.03678983263088574 0 
y 0 0 0 0 0.001275979721363299 
y 0.0002522440912156475 0 0 0 0 
y 0 0.0002821451453821105 0 0 0 
y 0 0 0.01903541745282973 0 0 
y 0 0 0 0.002677880482411454 0 
y 0 0 0 0 1.360986694470539e-05 
y 0.005748186379997192 0 0 0 0 
y 0 0.008075108784193182 0 0 0 
y 0 0 0.4673478281015911 0 0 
y 0 0 0 8.088551940868397e-05 0 
y 0 0 0 0 0.001550513175347379 
y 0.002731310799561772 0 0 0 0 
y 0 0.003547552615853994 0 0 0 
y 0 0 0.005597983108705813 0 0 
y 0 0 0 5.909282414743404e-05 0 
y 0 0 0 0 0.001847252705682711 
y 0.03653080577222972 0 0 0 0 
y 0 0.0543930708729989 0 0 0 
y 0 0 0.2027635916380554 0 0 
y 0 0 0 0.001142176713522483 0 
y 0 0 0 0 0.001491075165206968 
y 0.01630578925437995 0 0 0 0 
y 0 0.02387060481043769 0 0 0 
y 0 0 0.08216432513415478 0 0 
y 0 0 0 0.0004499749656407609 0 
y 0 0 0 0 0.0001955722600898339 
y 0.0199025990029873 0 0 0 0 
y 0 0.02180218685011846 0 0 0 
y 0 0 0.2071671043004191 0 0 
y 0 0 0 0.03810705115698842 0 
y 0 0 0 0 0.001291377966732276 
y 0.0168588421080055 0 0 0 0 
y 0 0.01936930472267727 0 0 0 
y 0 0 2.164996442042288 0 0 
y 0 0 0 2.88645380914611 0 
y 0 0 0 0 0.00315935592197472 
n 
n 
n 
n 
n 
n 
n 
n 
n 
n 
y 0.02052764551911073 0 0 0 0 
y 0 0.02389396093430804 0 0 0 
y 0 0 1.047594449275583 0 0 
y 0 0 0 1.295268005929564e-06 0 
y 0 0 0 0 0.001209593204028062 
y 0.004255526313682059 0 0 0 0 
y 0 0.01007006848997396 0 0 0 
y 0 0 1.246060045617105 0 0 
y 0 0 0 1.219766395906368e-06 0 
y 0 0 0 0 0.001285278173758881 
y 0.004001775280316894 0 0 0 0 
y 0 0.002718759701093037 0 0 0 
y 0 0 2.332224395940655 0 0 
y 0 0 0 0.4709247255734244 0 
y 0 0 0 0 0.003101018882678999 
y 0.002666922950279192 0 0 0 0 
y 0 0.006345490191948467 0 0 0 
y 0 0 0.1747041713469144 0 0 
y 0 0 0 51.42493958475283 0 
y 0 0 0 0 0.000894326417297855 
n 
n 
n 
n 
n 
n 
n 
n 
n 
n 
y 0.004973966478735104 0 0 0 0 
y 0 0.004981508463746643 0 0 0 
y 0 0 3.889336602231813 0 0 
y 0 0 0 0.006276732458818385 0 
y 0 0 0 0 6.166376040404565e-05 
y 0.0003769828247482888 0 0 0 0 
y 0 0.0003771001942366413 0 0 0 
y 0 0 0.004487380648885814 0 0 
y 0 0 0 0.0004280443420270317 0 
y 0 0 0 0 7.755097205448482e-07 
y 0.02608664215476107 0 0 0 0 
y 0 0.02624681573254102 0 0 0 
y 0 0 3.262808799683033 0 0 
y 0 0 0 0.09386175181699455 0 
y 0 0 0 0 0.0001294695201647504 
y 0.01641419003788072 0 0 0 0 
y 0 0.01652471774964499 0 0 0 
y 0 0 1.404495125112546 0 0 
y 0 0 0 0.002316411296403836 0 
y 0 0 0 0 4.621349254732537e-07 
y 0.02242873720998 0 0 0 0 
y 0 0.0555382965660226 0 0 0 
y 0 0 3.161479112774948 0 0 
y 0 0 0 31.80506413704305 0 
y 0 0 0 0 0.003657239313835306 
y 0.0006252876561746808 0 0 0 0 
y 0 0.001787238973393264 0 0 0 
y 0 0 8.697943161106169 0 0 
y 0 0 0 123.9098344169503 0 
y 0 0 0 0 0.002515488263971037 
n 
n 
n 
n 
n 
n 
n 
n 
n 
n 
y 0.0289643022150409 0 0 0 0 
y 0 0.02898693263597924 0 0 0 
y 0 0 1.607642248881598 0 0 
y 0 0 0 0.0001285116816553838 0 
y 0 0 0 0 9.386210301229808e-05 
y 0.02851363687126605 0 0 0 0 
y 0 0.02855712017547794 0 0 0 
y 0 0 0.1804940902627661 0 0 
y 0 0 0 1.34426131801533e-05 0 
y 0 0 0 0 1.558559155888317e-05 
y 0.02138438051126199 0 0 0 0 
y 0 0.02857645338271127 0 0 0 
y 0 0 0.7349990323177085 0 0 
y 0 0 0 153.7982175909614 0 
y 0 0 0 0 0.002383535743792629 
y 0.002741620606260583 0 0 0 0 
y 0 0.002952535328242826 0 0 0 
y 0 0 0.2139997121082842 0 0 
y 0 0 0 1026.719984374961 0 
y 0 0 0 0 0.0006191331530096004 
y 0.008699546406484529 0 0 0 0 
y 0 0.00870446529619762 0 0 0 
y 0 0 0.7597411292410747 0 0 
y 0 0 0 3.774789823455053 0 
y 0 0 0 0 4.215625945245452e-05 
y 0.000713950181129656 0 0 0 0 
y 0 0.0007146313825661616 0 0 0 
y 0 0 0.5746056188436253 0 0 
y 0 0 0 21.1426148827508 0 
y 0 0 0 0 1.691763038301671e-05 
n 
n 
n 
n 
n 
n 
n 
n 
n 
n 
y 2.58342267354425e-06 0 0 0 0 
y 0 2.777960944406641e-06 0 0 0 
y 0 0 4.62943756483053 0 0 
y 0 0 0 0.07309993593023216 0 
y 0 0 0 0 4.622849696873399e-07 
y 0.04847835084052198 0 0 0 0 
y 0 0.0487959131969519 0 0 0 
y 0 0 0.3955076439050306 0 0 
y 0 0 0 0.4957421335517818 0 
y 0 0 0 0 6.972379955941268e-05 
y 0.005114017981265144 0 0 0 0 
y 0 0.009738095211895953 0 0 0 
y 0 0 1.256990870776319 0 0 
y 0 0 0 1661.322470028707 0 
y 0 0 0 0 0.002117761883786666 
y 0.00372916939315715 0 0 0 0 
y 0 0.002736091854163902 0 0 0 
y 0 0 5.051809177031297e-05 0 0 
y 0 0 0 673.8090596059919 0 
y 0 0 0 0 0.001290122872804611 
n 
n 
n 
n 
n 
n 
n 
n 
n 
n 
y 0.01016219016512679 0 0 0 0 
y 0 0.01015994572690538 0 0 0 
y 0 0 0.01604691267438508 0 0 
y 0 0 0 0.001911278673602254 0 
y 0 0 0 0 6.126139417290267e-05 
y 0.01476579681724281 0 0 0 0 
y 0 0.01482002107523099 0 0 0 
y 0 0 2.56948679189132 0 0 
y 0 0 0 0.002015030076820415 0 
y 0 0 0 0 1.638311850122894e-05 
y 0.03259525935855447 0 0 0 0 
y 0 0.04449045017783871 0 0 0 
y 0 0 3.415698234560307 0 0 
y 0 0 0 15.80475159734266 0 
y 0 0 0 0 0.0008733962512611301 
y 0.01052143649665307 0 0 0 0 
y 0 0.01321702173893584 0 0 0 
y 0 0 0.06901212639452281 0 0 
y 0 0 0 31.27912502193907 0 
y 0 0 0 0 0.0006267218893912579 
y 0.029347751452673 0 0 0 0 
y 0 0.02951556045805527 0 0 0 
y 0 0 3.544348843087977 0 0 
y 0 0 0 1.486256679237357 0 
y 0 0 0 0 0.0001140512147919224 
y 0.029347751452673 0 0 0 0 
y 0 0.02951556045805527 0 0 0 
y 0 0 3.544348843087977 0 0 
y 0 0 0 1.486256679237357 0 
y 0 0 0 0 0.0001140512147919224 
y 0.0451541070097185 0 0 0 0 
y 0 0.04547400866097529 0 0 0 
y 0 0 4.669645885380362 0 0 
y 0 0 0 0.003520785658020175 0 
y 0 0 0 0 5.835259189224342e-05 
y 0.0451541070097185 0 0 0 0 
y 0 0.04547400866097529 0 0 0 
y 0 0 4.669645885380362 0 0 
y 0 0 0 0.003520785658020175 0 
y 0 0 0 0 5.835259189224342e-05 
n 
n 
n 
n 
n 
n 
n 
n 
n 
n 
y 0.03903328665753545 0 0 0 0 
y 0 0.04924340300256606 0 0 0 
y 0 0 3.381091187230186 0 0 
y 0 0 0 58.7235941805921 0 
y 0 0 0 0 0.001735711546090689 
y 0.03903328665753545 0 0 0 0 
y 0 0.04924340300256606 0 0 0 
y 0 0 3.381091187230186 0 0 
y 0 0 0 58.7235941805921 0 
y 0 0 0 0 0.001735711546090689 
n 
n 
n 
n 
n 
n 
n 
n 
n 
n 
y 0.03013474842447328 0 0 0 0 
y 0 0.03071490153484243 0 0 0 
y 0 0 4.289515162531357 0 0 
y 0 0 0 0.0004094870052362037 0 
y 0 0 0 0 4.100372387853158e-05 
y 0.03013474842447328 0 0 0 0 
y 0 0.03071490153484243 0 0 0 
y 0 0 4.289515162531357 0 0 
y 0 0 0 0.0004094870052362037 0 
y 0 0 0 0 4.100372387853158e-05 
y 0.02257602529922753 0 0 0 0 
y 0 0.02537964611395603 0 0 0 
y 0 0 1.105234855239643 0 0 
y 0 0 0 0.009165642658461324 0 
y 0 0 0 0 0.002135568073313104 
y 0.001453473589083929 0 0 0 0 
y 0 0.001431277242603112 0 0 0 
y 0 0 0.009942313637779988 0 0 
y 0 0 0 0.06408579388645014 0 
y 0 0 0 0 0.0008145401243677462 
y 0.0119876805780131 0 0 0 0 
y 0 0.04435460660034544 0 0 0 
y 0 0 0.02290602421315744 0 0 
y 0 0 0 0.01470545359138106 0 
y 0 0 0 0 0.003610185123087424 
y 0.0166553044181562 0 0 0 0 
y 0 0.03804705151271703 0 0 0 
y 0 0 1.329130665403419 0 0 
y 0 0 0 0.01645137510277811 0 
y 0 0 0 0 0.004035575826317189 
y 0.0003177160444102234 0 0 0 0 
y 0 0.0006322535151553736 0 0 0 
y 0 0 0.01260520151435457 0 0 
y 0 0 0 6.88545794167311e-07 0 
y 0 0 0 0 9.936720398272275e-06 
y 0.04053488760556329 0 0 0 0 
y 0 0.06191380183743565 0 0 0 
y 0 0 1.15895324021137 0 0 
y 0 0 0 9.794022860953381e-06 0 
y 0 0 0 0 0.00274936911589472 
y 0.03903328665753545 0 0 0 0 
y 0 0.04924340300256606 0 0 0 
y 0 0 2.634726944229224 0 0 
y 0 0 0 5.279031447654906e-06 0 
y 0 0 0 0 0.001735711546090689 
y 0.03903328665753545 0 0 0 0 
y 0 0.04924340300256606 0 0 0 
y 0 0 2.634726944229224 0 0 
y 0 0 0 5.279031447654906e-06 0 
y 0 0 0 0 0.001735711546090689 
y 0.002114181984708239 0 0 0 0 
y 0 0.002168055489715926 0 0 0 
y 0 0 3.954715012996518 0 0 
y 0 0 0 0.400104136343735 0 
y 0 0 0 0 0.002480258238902922 
y 0.002114181984708239 0 0 0 0 
y 0 0.002168055489715926 0 0 0 
y 0 0 3.954715012996518 0 0 
y 0 0 0 0.400104136343735 0 
y 0 0 0 0 0.002480258238902922 
n 
n 
n 
n 
n 
n 
n 
n 
n 
n 
y 0.00127688534975868 0 0 0 0 
y 0 0.002559103753772105 0 0 0 
y 0 0 0.06225167979814501 0 0 
y 0 0 0 9.319499764369944e-10 0 
y 0 0 0 0 1.962208170854359e-05 
y 0.05663920530867766 0 0 0 0 
y 0 0.07720320140891967 0 0 0 
y 0 0 3.48055692494085 0 0 
y 0 0 0 1.401766909859274e-07 0 
y 0 0 0 0 0.004183437552070677 
n 
n 
n 
n 
n 
n 
n 
n 
n 
n 
n 
n 
n 
n 
n 
n 
n 
n 
n 
n 
n 
n 
n 
n 
n 
n 
n 
n 
n 
n 
n 
n 
n 
n 
n 
n 
n 
n 
n 
n 
n 
n 
n 
n 
n 
n 
n 
n 
n 
n 
n 
n 
n 
n 
n 
n 
n 
n 
n 
n 
y 4.748912959962049e-05 0 0 0 0 
y 0 5.097124010067234e-05 0 0 0 
y 0 0 0.0008019590770800279 0 0 
y 0 0 0 1.265899347222531e-07 0 
y 0 0 0 0 6.027895091964553e-07 
y 0.03149320373423747 0 0 0 0 
y 0 0.03257111368397383 0 0 0 
y 0 0 0.4202125291452101 0 0 
y 0 0 0 2.974117313430564e-07 0 
y 0 0 0 0 2.049684681039445e-05 
y 0.004245307839976272 0 0 0 0 
y 0 0.01005618331623425 0 0 0 
y 0 0 1.328442718720113 0 0 
y 0 0 0 115510.7135298049 0 
y 0 0 0 0 0.001284429879033946 
y 0.02051128463432756 0 0 0 0 
y 0 0.02388260883460339 0 0 0 
y 0 0 1.047699254273796 0 0 
y 0 0 0 123453.2291956914 0 
y 0 0 0 0 0.001212326251584954 
y 0.02886208928366406 0 0 0 0 
y 0 0.02889159249545592 0 0 0 
y 0 0 3.032462879201137 0 0 
y 0 0 0 18210.05827793017 0 
y 0 0 0 0 7.462283560394646e-05 
y 0.02886208928366406 0 0 0 0 
y 0 0.02889159249545592 0 0 0 
y 0 0 3.032462879201137 0 0 
y 0 0 0 18210.05827793017 0 
y 0 0 0 0 7.462283560394646e-05 
y 0.03361149308970225 0 0 0 0 
y 0 0.03368145417185282 0 0 0 
y 0 0 5.697269402848208 0 0 
y 0 0 0 1.986068239569197 0 
y 0 0 0 0 9.0975638413723e-06 
y 0.06574198661540359 0 0 0 0 
y 0 0.06590271692748599 0 0 0 
y 0 0 6.944625027452899 0 0 
y 0 0 0 21.24980067714472 0 
y 0 0 0 0 6.436453109156163e-05 
y 0.03013474842447328 0 0 0 0 
y 0 0.03071490153484243 0 0 0 
y 0 0 2.532431973039499 0 0 
y 0 0 0 529.365628023873 0 
y 0 0 0 0 4.100372387853158e-05 
y 0.03013474842447328 0 0 0 0 
y 0 0.03071490153484243 0 0 0 
y 0 0 2.532431973039499 0 0 
y 0 0 0 529.365628023873 0 
y 0 0 0 0 4.100372387853158e-05 
y 0.01518496102223338 0 0 0 0 
y 0 0.02421625692309816 0 0 0 
y 0 0 3.752364452072095 0 0 
y 0 0 0 1319118.047627126 0 
y 0 0 0 0 0.0001846125144775124 
y 0.1102608136560002 0 0 0 0 
y 0 0.1373824872614041 0 0 0 
y 0 0 2.314082574244099 0 0 
y 0 0 0 396824.4944785775 0 
y 0 0 0 0 0.001026227351059592 
y 0.02457252499346338 0 0 0 0 
y 0 0.02538558370935313 0 0 0 
y 0 0 0.3716524057351747 0 0 
y 0 0 0 33090.84912520526 0 
y 0 0 0 0 6.977459439476504e-05 
y 0.02457252499346338 0 0 0 0 
y 0 0.02538558370935313 0 0 0 
y 0 0 0.3716524057351747 0 0 
y 0 0 0 33090.84912520526 0 
y 0 0 0 0 6.977459439476504e-05 
y 0.001230727468798945 0 0 0 0 
y 0 0.001236852389672874 0 0 0 
y 0 0 0.001537701575799133 0 0 
y 0 0 0 4.106937012693379e-12 0 
y 0 0 0 0 2.220446049250313e-16 
y 0.05248639731042559 0 0 0 0 
y 0 0.05249491540916262 0 0 0 
y 0 0 3.751067412788674 0 0 
y 0 0 0 0.4081243563386069 0 
y 0 0 0 0 8.400618218995723e-06 
