7 2 5
y 0.597014167002167 0.5956314822176773 3.334868812351647 1.154025504672003 -0.02303016986459001 
y 0.5303840228740684 0.5270800948519712 5.992100180496233 0.8461896230868874 0.05761662561082831 
y 0.4194667062761876 0.3250779078165941 4.880118198458876 0.2839756510564989 -0.2528572975400489 
y 0.646711112987611 0.567284032302543 3.353860920112899 0.333261057348877 -0.3104522236564609 
y 0.484481809614618 0.4041232421432167 4.79216161335223 0.02167118839381321 -0.2598645659592367 
y 0.6912725113307806 0.6385921724351107 5.885119610751189 0.02003229892467842 -0.2596039799501284 
y 0.5421649341088215 0.4592087630033777 3.491703590100459 0.07226309619832873 -0.2524218600101165 
y 0.4041144039400754 0.3187267568080986 5.803794643343039 0.07467485480564343 -0.2322957585874214 
y 0.5115400597769602 0.5050649821970959 3.78117607221206 5.288385354813973 0.05823769319788107 
y 0.5540139251275277 0.5456024196410446 4.611376832214535 3.343688941548963 0.05982989105298487 
n
n
y 0.7841393276516553 0.7379915021478943 4.971955577735564 0.002128028711477321 -0.2562559806407896 
y 0.4356024999748034 0.3124611182709283 4.560174082175342 0.002194689919031075 -0.2915780665716506 
y 0.590377628354118 0.5240552295435663 0.8626019020698622 2.859563850677338 0.2685030104642128 
y 0.3994513637587205 0.2979498265463462 1.932830548124675 7.989549098344053 0.2573215884279972 
n
n
y 0.30313943294846 0.303006576925907 4.724892630504751 0.1371999159373521 0.003365254616926114 
y 0.3550616451858548 0.3550569024219182 0.116488392230705 0.07191132372503545 0.001574789370199804 
y 0.384248172309081 0.3820172019870556 2.180353982012438 0.550786136744974 0.03768118254965677 
y 0.5658608529413879 0.5639342469610954 4.195544869026312 0.7787560002658072 0.04544981331683232 
y 0.5401131219324922 0.4073006758349998 2.406052869961569 8.644012330078667 0.2984318163225081 
y 0.5927258075249922 0.4546939446490635 2.813654853765426 44.16610549092242 0.375366305143254 
n
n
y 0.4363949527316367 0.4360762129760404 4.185141988034976 0.01396773564977764 -0.01271220460930779 
y 0.4236740369513084 0.4232508294487467 0.4714088098019198 0.0096824022234783 -0.01730198366407085 
y 0.5353113072853648 0.457084877995471 1.733893207654138 43.07278918758659 0.2608754497420436 
y 0.551191622186775 0.4860515906541483 2.252689467998839 76.19662321402822 0.2583331319199106 
y 0.2771094277443472 0.2768660487428319 2.133147261581473 5.471865910458582 -0.009367473418307201 
y 0.3338360707815092 0.333808394440589 2.833361224039098 14.5152740516024 0.0009391565823728143 
n
n
y 0.2688455771751402 0.2661808902039901 2.872514495192622 3.68484772536645 0.0377494154898628 
y 0.4683895546777589 0.4667528927713527 2.610109217978232 3.331468110144966 0.03381166193843963 
y 0.4753045817216237 0.3141021380821864 1.904248344898224 175.2003506978353 0.3471490442752838 
y 0.9770637154579163 0.9250830411911011 0.2271606996655464 116.8191146850586 0.3139711171388626 
n
n
y 0.7251878503467174 0.7249741978182587 3.253395180534425 0.109791173461556 -0.01583699963885015 
y 0.3069953982007602 0.3064691963839065 2.790914986723787 0.1260088443258444 -0.01588075852308457 
y 0.4410685583482807 0.3436625539627619 2.754520040622204 13.19202979368528 0.2523270418408415 
y 0.6111994274410418 0.5681916326700321 0.6612690666124255 24.68364906882679 0.2177170624280589 
y 0.4191407402356466 0.4169682463010152 3.195843690633774 2.221845690409342 -0.03917374064524969 
y 0.4191407402356466 0.4169682463010152 3.195843690633774 2.221845690409342 -0.03917374064524969 
y 0.4284812609354655 0.4266389966011047 4.128666287660598 0.3051808247963587 -0.03459920274714628 
y 0.4284812609354655 0.4266389966011047 4.128666287660598 0.3051808247963587 -0.03459920274714628 
n
n
y 0.6093102801929821 0.5016231252388521 2.428736807270484 57.42946763472123 0.328157666054639 
y 0.6093102801929821 0.5016231252388521 2.428736807270484 57.42946763472123 0.328157666054639 
n
n
y 0.3321244418621063 0.3277469277381897 3.973363995552063 0.03481142967939377 -0.04761768411844969 
y 0.3321244418621063 0.3277469277381897 3.973363995552063 0.03481142967939377 -0.04761768411844969 
y 0.5091836500686595 0.4971602315495501 2.448367307053017 0.306763505494284 -0.08461978649551984 
y 0.6147128587864826 0.6139196760473362 0.2984729954198899 0.3978862792573956 -0.01349784343882776 
y 0.4860401470940809 0.350057843833116 5.970054009847301 0.1923569667745471 -0.2787784331076579 
y 0.5790767886285682 0.4455004876322881 2.578369002941689 0.1229631272109257 -0.3338142091393019 
y 0.5282186636981515 0.4092974634126214 6.138429499504667 0.005522769268616485 -0.3334157818256488 
y 0.5362165053292567 0.3788103635930111 4.451758872660178 0.006953885357101577 -0.3462695099439133 
y 0.6093102801929821 0.5016231252388521 2.14313746582378 0.01771734426306053 -0.328157666054639 
y 0.6093102801929821 0.5016231252388521 2.14313746582378 0.01771734426306053 -0.328157666054639 
y 1.123311138153076 1.122182607650757 4.02349572442472 1.162530019879341 0 
y 1.123311138153076 1.122182607650757 4.02349572442472 1.162530019879341 0 
n
n
y 0.3323466563686561 0.2172680648225468 4.455582488165298 0.0004365360474536826 -0.2488916347281592 
y 0.7281516937595217 0.6412066781288831 4.140914507957812 0.0008300960032109921 -0.3071017036545501 
n
n
n
n
n
n
n
n
n
n
n
n
y 0.4379160255188066 0.4310746192926282 4.607918739321168 0.004309934331133303 -0.07707805931574506 
y 0.4576425211767034 0.4465079690726805 4.099698577620016 0.002076064436076965 -0.09470431932336755 
y 0.4355276107064973 0.3123828019320415 1.894140215887048 594.796906680003 0.2915578520918824 
y 0.7841262007578811 0.7379617245001654 1.826701204009081 617.9742921674394 0.2562864602636524 
y 0.4325458879272143 0.432195538566226 2.313451112780188 146.0944352377029 0.01410096917035324 
y 0.4325458879272143 0.432195538566226 2.313451112780188 146.0944352377029 0.01410096917035324 
y 0.3840351952399437 0.3836518961336516 2.600362637597968 7.147394932297225 0.01466964193057695 
y 0.5595910368292969 0.5590991499885593 3.078971675094954 14.91566721895726 0.01803232003890892 
y 0.3321244418621063 0.3277469277381897 2.926166493445635 40.4690523147583 0.04761768411844969 
y 0.3321244418621063 0.3277469277381897 2.926166493445635 40.4690523147583 0.04761768411844969 
y 0.6512400188362553 0.5322082469178436 2.030105470852125 2237.252143285407 0.3628388850575007 
y 0.6932548517545125 0.6259591431505243 2.313081059325522 1292.278970653649 0.2462306433996702 
y 0.4532588554753197 0.4430783357885149 1.071043685492542 457.4705674913194 0.09078737265533871 
y 0.4532588554753197 0.4430783357885149 1.071043685492542 457.4705674913194 0.09078737265533871 
y 0.1380863226950169 0.1377439834177494 3.71180260181427 1.16463315486908 -0.009396921843290331 
y 0.2772758315420813 0.2772448260544075 2.830269861552451 1.150634855031967 0.0005220512135161284 
