14 2 5
y 0.1436087653534624 0 0 0 0 
y 0 0.007642380836486675 0 0 0 
y 0 0 0.000566697428105033 0 0 
y 0 0 0 0.004219197656357612 0 
y 0 0 0 0 0.001974426141625873 
y 0.1570562841082387 0 0 0 0 
y 0 0.007046389135956057 0 0 0 
y 0 0 0.001184238447751894 0 0 
y 0 0 0 0.001861083763415887 0 
y 0 0 0 0 0.00450007152986745 
y 0.1287587019018143 0 0 0 0 
y 0 0.01522193047516042 0 0 0 
y 0 0 0.0003832968805879977 0 0 
y 0 0 0 0.003991873755196526 0 
y 0 0 0 0 0.002307592596292558 
y 2.220446049250313e-16 0 0 0 0 
y 0 2.220446049250313e-16 0 0 0 
y 0 0 2.220446049250313e-16 0 0 
y 0 0 0 2.220446049250313e-16 0 
y 0 0 0 0 2.220446049250313e-16 
y 2.220446049250313e-16 0 0 0 0 
y 0 2.220446049250313e-16 0 0 0 
y 0 0 2.220446049250313e-16 0 0 
y 0 0 0 2.220446049250313e-16 0 
y 0 0 0 0 2.220446049250313e-16 
y 0.1337594764397251 0 0 0 0 
y 0 0.009076785752546787 0 0 0 
y 0 0 0.000388777082440828 0 0 
y 0 0 0 0.00213928765341732 0 
y 0 0 0 0 0.0008260650765254061 
y 0.3285786295174163 0 0 0 0 
y 0 0.0367444266101488 0 0 0 
y 0 0 0.001199673266353788 0 0 
y 0 0 0 0.0005666080204343436 0 
y 0 0 0 0 0.0004742922597898066 
y 0.2157721610599474 0 0 0 0 
y 0 0.04200354019987582 0 0 0 
y 0 0 0.0003368635641628223 0 0 
y 0 0 0 0.005043026948879556 0 
y 0 0 0 0 0.005230039735431004 
y 0.1738723200215823 0 0 0 0 
y 0 0.04700568396455829 0 0 0 
y 0 0 0.0003691187790995242 0 0 
y 0 0 0 0.000395434382766593 0 
y 0 0 0 0 0.0005226565252450307 
y 0.1182173378027974 0 0 0 0 
y 0 0.04482460994892826 0 0 0 
y 0 0 0.003144801774765733 0 0 
y 0 0 0 0.004414809463917436 0 
y 0 0 0 0 0.002830871673965127 
y 0.1782569263132668 0 0 0 0 
y 0 0.006833705149707089 0 0 0 
y 0 0 4.70444019747283e-05 0 0 
y 0 0 0 0.0008682497703592766 0 
y 0 0 0 0 0.001723317239710117 
y 0.1782569263132668 0 0 0 0 
y 0 0.006833705149707089 0 0 0 
y 0 0 4.70444019747283e-05 0 0 
y 0 0 0 0.0008682497703592766 0 
y 0 0 0 0 0.001723317239710117 
y 0.1809024727358384 0 0 0 0 
y 0 0.020617246297496 0 0 0 
y 0 0 0.003220719786986025 0 0 
y 0 0 0 0.000832022589888448 0 
y 0 0 0 0 0.0009222893881079979 
y 0.06912918214687577 0 0 0 0 
y 0 0.02777325655365829 0 0 0 
y 0 0 0.001845231711184079 0 0 
y 0 0 0 0.0009092700919081982 0 
y 0 0 0 0 0.0001827889427742417 
y 0.2106594678409568 0 0 0 0 
y 0 0.04539524315290284 0 0 0 
y 0 0 0.0003631274182172444 0 0 
y 0 0 0 8.67791956528802e-05 0 
y 0 0 0 0 0.0001638732154454225 
y 0.2106594678409568 0 0 0 0 
y 0 0.04539524315290284 0 0 0 
y 0 0 0.0003631274182172444 0 0 
y 0 0 0 8.67791956528802e-05 0 
y 0 0 0 0 0.0001638732154454225 
y 0.03090170912562738 0 0 0 0 
y 0 0.009054437202252427 0 0 0 
y 0 0 0.0005640559450653341 0 0 
y 0 0 0 0.0003111733704424416 0 
y 0 0 0 0 0.0003395115850673104 
y 0.2907178799315307 0 0 0 0 
y 0 0.0184613534347923 0 0 0 
y 0 0 0.0001137893148919904 0 0 
y 0 0 0 0.0003019361347905314 0 
y 0 0 0 0 0.0003440254229881459 
y 0.05059089157847985 0 0 0 0 
y 0 0.01075541466820056 0 0 0 
y 0 0 6.839145349926486e-05 0 0 
y 0 0 0 0.0001611324450069675 0 
y 0 0 0 0 0.000191077065294724 
y 0.0137267915289391 0 0 0 0 
y 0 0.01323604454726195 0 0 0 
y 0 0 0.0004799931553948919 0 0 
y 0 0 0 0.0001212210015081359 0 
y 0 0 0 0 0.0001401990668461728 
y 0.001840788882286578 0 0 0 0 
y 0 0.0001133899241447671 0 0 0 
y 0 0 0.0004457109794129847 0 0 
y 0 0 0 0.0003179030756540721 0 
y 0 0 0 0 0.0004498652593610705 
y 0.06346441509270684 0 0 0 0 
y 0 0.02510015282188493 0 0 0 
y 0 0 0.0002000976066635288 0 0 
y 0 0 0 0.001140125664162286 0 
y 0 0 0 0 0.002853299886314269 
y 0.07251404164408735 0 0 0 0 
y 0 0.05264791290911073 0 0 0 
y 0 0 0.003562967681067335 0 0 
y 0 0 0 0.005116972197217995 0 
y 0 0 0 0 0.02921383533051329 
y 0.007859314071014796 0 0 0 0 
y 0 0.002322813248221084 0 0 0 
y 0 0 0.0002903700921894703 0 0 
y 0 0 0 0.002388467632998082 0 
y 0 0 0 0 0.007032563805905438 
y 0.2044318770842507 0 0 0 0 
y 0 0.02689199416828784 0 0 0 
y 0 0 0.0009301486019335829 0 0 
y 0 0 0 0.0005357375902867355 0 
y 0 0 0 0 0.0006007460206931874 
y 0.04183518431418659 0 0 0 0 
y 0 0.02094945337041004 0 0 0 
y 0 0 0.0003405895903512258 0 0 
y 0 0 0 9.430118697664875e-05 0 
y 0 0 0 0 0.0002240706448077155 
y 0.003496263080529497 0 0 0 0 
y 0 0.002430337785919968 0 0 0 
y 0 0 1.381627577740692e-05 0 0 
y 0 0 0 0.0007166418281949649 0 
y 0 0 0 0 4.774154589658072e-05 
y 0.05626080631280067 0 0 0 0 
y 0 0.02153709621543849 0 0 0 
y 0 0 0.0002934931317481857 0 0 
y 0 0 0 0.0008949645375406285 0 
y 0 0 0 0 0.0005699746412361916 
