14 2 5
y 0.7365627368708383 0.4648448881840002 0.2219018929478214 0.4142178459278363 0.1482090593579161 
y 1.053168913934433 0.6145858729585442 0.233466841426517 0.5600154865504403 0.2423674227557215 
y 0.9883041439618725 0.3193753014597362 0.02276250698379463 0.436335884741623 0.1752460969299295 
y -19685.13671875 -2136.730712890625 -15941.3046875 39371.46484375 4274.44775390625 
y 3.730715784694192e+20 4.084664146759936e+19 2.97788246014015e+20 7.461431569388384e+20 8.169328293519871e+19 
y 1.282561725345991 0.2577890911570159 0.02303210784190618 0.08228845010414773 0.1246139254941735 
y 0.9807005769065874 0.3923086184503035 0.0327338198247169 0.2460415538403418 0.316297938707103 
y 0.7609529557581534 0.363560825731375 0.02213914768399802 0.2471257651929185 0.2967954128180986 
y 0.6639091865705752 0.3439299070992631 0.0322742252137069 0.1875623254810284 0.2453332598254746 
y 0.4732306452098573 0.3289515797934158 0.0630673643918363 0.2516117617773517 0.2818178047211157 
y 0.7285754061662234 0.2312275629777175 0.0106941823883412 0.2168436726698509 0.2689326921334634 
y 0.7285754061662234 0.2312275629777175 0.0106941823883412 0.2168436726698509 0.2689326921334634 
y 0.7429973298747907 0.3955431423589836 0.1189619285552059 0.3676971988622729 0.3092258330616347 
y 0.5662370878255005 0.3070696924902549 0.0477719577481966 0.3454128878626574 0.2406999776452321 
y 0.8269627015841634 0.3321290039702465 0.01613157897525908 0.08124483259100662 0.1345737909800128 
y 0.8269627015841634 0.3321290039702465 0.01613157897525908 0.08124483259100662 0.1345737909800128 
y 1.657468117773609 0.3294376619431709 0.06933669313032433 0.1426203367753437 0.1760168076774497 
y 1.021524809258505 0.3018830571516003 0.04933995951170461 0.1061971879960887 0.1328354576885373 
y 0.4011835744886595 0.3030863024260789 0.05590265859298661 0.09708839960847013 0.09797833096411659 
y 1.287919102552098 0.1913284322802133 0.06049847297267111 0.09140962501593212 0.0940984605457726 
y 0.3074422651189112 0.3585181141020733 0.07176042459226699 0.1013746931369819 0.1413180581507115 
y 1.273271034103095 0.1847735683491408 0.08587265882944368 0.1119498090813397 0.1431506276323364 
y 1.015127815930297 0.7049204673167297 0.3083401021115398 0.239925662913363 0.6120858220408405 
y 0.3011133824804861 0.4270779068777341 0.293008384781465 0.2226800611975416 0.6308952427483903 
y 1.514306286587628 0.3767782549920848 0.131173895839411 0.09192899242704516 0.08836399468625375 
y 0.4007173976179539 0.2240790006209402 0.1107344908318971 0.0832168812534098 0.07614010578097204 
y 1.005881285080921 0.2723796117717567 0.04195793238316684 0.1874067956481975 0.2011459649372685 
y 0.4664868618498074 0.3430496075326245 0.05356283121584329 0.1661966481734179 0.181652613920922 
